30.403065
-18.142178
-59.911331
47.023212
-0.482390
53.284973
129.614944
-43.497635
-0.921258
-72.555740
-76.573845
-15.251205
-6.133259
-21.074049
-32.863087
-22.706135
61.044281
73.302017
23.947212
33.369579
18.170025
-42.705757
-66.730003
-118.042450
13.787168
30.738068
-25.530272
41.447681
-23.610729
-7.028193
11.851483
-53.177540
42.866032
33.457047
131.478867
-20.600883
37.296700
-49.516380
7.373466
-14.450338
-41.780891
-57.360050
68.721527
-1.277779
41.186745
-90.953079
36.858521
114.426163
14.540156
13.253304
79.230621
80.777618
63.038422
27.741848
51.640579
126.408012
-41.203556
-27.768152
-29.223091
-101.060318
-70.715332
-25.046974
20.896313
-72.090622
-20.072302
18.420111
-82.734512
50.539688
17.533846
35.712345
55.718941
22.611353
-45.423969
45.468498
-25.595440
1.919001
88.266571
-37.649261
69.121071
-22.877665
-41.785652
74.153358
-14.909686
-116.475288
-48.056347
-6.834801
10.746199
8.278249
-21.799149
68.013962
26.208063
14.418833
22.478800
-51.501732
-27.599152
51.981213
-8.997966
152.086746
83.746819
-6.204009
-24.884205
-51.546394
52.973351
-2.222781
-27.202168
17.275978
-8.540997
-14.214643
67.446251
-24.581352
18.392567
-1.445304
15.492188
14.342282
-41.014721
-29.092400
14.865400
25.476761
91.294632
65.877266
-42.854820
58.159248
41.778133
-24.019596
84.459274
-80.648567
-31.242218
78.414871
14.008601
42.215908
28.224709
-33.453300
-40.960236
-24.880112
3.745958
82.711060
22.919294
73.378151
24.762035
101.260437
-72.574097
-48.301727
-28.918457
5.652997
-57.017212
-38.345352
2.492268
41.696762
14.302338
43.178101
-34.385921
-100.109879
0.792120
37.500229
-114.098061
-66.227715
22.988062
-0.540968
62.403332
-59.161934
