-33.118546
-46.886581
-48.379955
-35.480637
-60.822464
-54.950687
28.789888
42.218380
-20.065876
-28.329113
-55.821079
97.501656
-60.173649
-68.339081
-35.587738
9.214064
0.138408
-31.915920
22.757860
-32.094315
-40.856953
-42.757290
-61.905716
-43.703331
58.681412
44.631516
-36.920570
87.494659
70.570496
68.375031
8.332303
4.708133
0.572124
-56.402912
-7.805702
31.824162
69.456100
-13.830475
20.761923
31.593136
52.219028
-12.756227
-2.933468
19.081526
24.320034
8.319500
-32.528755
4.986847
-33.897812
19.956875
10.328477
6.623711
-10.990713
-18.066036
41.245453
-2.994686
1.925438
-6.447448
20.978964
-92.792313
-20.034870
43.805611
19.950794
63.684906
14.766677
-54.706665
-36.987438
15.095779
-53.859901
-36.960167
42.373680
16.742653
43.090462
-19.679539
-34.410114
-9.642389
-20.286152
1.562328
10.290730
-67.031754
-47.692276
59.140694
79.900452
-6.427290
-29.052399
-55.096249
-37.903847
-34.632904
10.248340
36.823669
-4.842136
-2.071432
54.247940
33.327068
25.110968
13.287811
81.838882
-28.210119
7.317849
44.602356
32.366642
-1.693379
-24.191914
19.600115
63.922386
42.170021
-41.825043
-27.295834
47.382904
38.106453
-26.130987
22.981508
-6.504244
22.588522
-55.756775
-24.813156
24.544920
63.778328
29.215645
-0.200396
-8.741402
72.541397
19.494703
11.733882
33.750072
-55.435207
1.544489
-14.211096
7.442595
-5.367205
-13.155918
-98.052612
-5.921940
-0.399893
-16.989260
12.222270
52.367241
-53.121544
19.136436
-64.765221
72.273552
-77.059212
-8.873139
32.343170
-26.460852
9.782005
42.583534
-34.144493
24.436243
-20.184814
51.854858
-84.578384
5.893581
32.874817
-37.059761
22.664742
-25.538744
-65.800354
-27.115803
-76.709740
